1.132300
8.961810
4.082092
5.611347
9.640574
19.684891
15.755000
11.829280
14.751361
14.383357
13.482039
13.592525
14.709756
14.771317
14.709012
16.667632
16.786923
15.770209

3.231000
21.878542
16.576545
17.884843
32.243884
26.802817
20.336992
12.049219
16.856638
17.115286
19.385118
25.394747
26.344499
26.758684
20.279874
25.555154
26.400101
26.246142
32.792981
32.329140
32.770266
39.512476
39.302794
40.212351
38.928475
45.908580
44.542482
44.769187
66.324194
65.960309
66.357620
87.475801
87.990035
88.236772
86.827246
93.009707
92.969032
93.052624
99.473894
99.324617
99.671649
105.853217
106.561552
105.637365
105.264748
104.971264
105.169343
