5.520317
3.282238
1.276268
4.317482
4.559436
2.533376
6.674927
6.756205
10.719857
10.887669
14.200458
14.354894
13.446875
13.341861
14.530716
14.486649
14.507275
16.876615
16.863320
15.797276

14.402449
13.457670
12.510222
19.910444
19.603789
18.674211
11.113808
18.048427
17.195586
18.151956
23.691524
24.526445
24.217753
20.336011
25.096224
24.952973
25.737373
32.563426
33.139118
32.191911
40.258309
39.721255
40.731841
37.389311
43.994825
43.708171
44.603684
65.411089
65.819941
64.869962
86.711511
86.939422
87.261977
85.490954
91.881060
92.251095
91.824670
98.095382
98.121685
98.312806
104.297318
104.541848
104.785053
104.151680
104.432649
103.150467
